%YAML:1.0
---
camera_matrix: !!opencv-matrix
   rows: 3
   cols: 3
   dt: d
   data: [ 1208.6270874552119, 0., 956.91843629335892, 0.,
       1213.9298366746423, 480.12528501948032, 0., 0., 1. ]
distortion_coefficients: !!opencv-matrix
   rows: 1
   cols: 5
   dt: d
   data: [ 0.038748818318344022, -0.17904494448755573,
       -0.018212000032651748, -0.0020828971820421702,
       0.12586290004122136 ]
